image: plechaty2nobox.pgm
resolution: 0.050000
origin: [-9.143440, -14.392532, 0.000000]
negate: 0
occupied_thresh: 0.65
free_thresh: 0.196

