image: skirk.png
resolution: 0.050000
origin: [-8.801, -11.388, 0.000000]
negate: 0
occupied_thresh: 0.65
free_thresh: 0.196

