image: unreal.png
resolution: 0.02857142857142857
origin: [-12.1, -2.2714285714285714, 0.0]
negate: 0
occupied_thresh: 0.65
free_thresh: 0.196
unreal_origin: [-2310.0, -50.0, -95.0]